# Created by Octave 4.0.0, Sat Mar 18 00:14:03 2017 CET <kasia@katarzyna-Lenovo>
# name: coeff
# type: matrix
# rows: 125
# columns: 3
 -0.002009442769186398 -0.001886286609329436 0.006377842660762918
 0.002068126611496954 0.002119595548591299 -0.2122759292144644
 -0.01142255492665276 -0.01403646868343195 -0.1282231943407186
 0.000504171005200782 0.0005014965871152355 -0.07407491208362904
 0.0003493442578377665 5.88037281987891e-05 0.08395849694431838
 -0.5293532616830013 -0.4927276275450769 77.75535444103143
 -0.1739577470677049 -0.07755037714649485 86.49397780692132
 -0.506174067051866 -1.005128307166025 -156.0494075037684
 1.456283739343731 1.997747237473264 45.39507983134641
 -1.289517907329731 -1.748495717826211 16.28669814134913
 249.7006249560761 256.3864741915432 -13211.08329939745
 -360.0111532915739 -209.3559653341686 27553.21431121071
 -577.8363321712006 -557.7416025478749 -20372.71518776677
 416.1037426672431 437.7884294260869 -18417.45306120091
 -385.3389801526151 -260.9509167566022 -14809.05748925609
 -276.7486385373171 -255.7136385637508 -6589.405287938286
 -256.6291274656427 -310.960256586385 16135.24276729793
 70.68334270677273 50.61397527948071 22138.50744913264
 -147.7242992970294 -120.43279640849 -3073.500560797661
 56.16879349867552 83.29821937376552 26433.31062332034
 -250.0852606678506 -212.0315711003033 14393.83485682411
 14.79832217234188 114.4045877847286 22075.57395687097
 -368.906118971718 -412.4651517129624 -11442.81017498645
 476.2694217364505 524.0768688666908 -18910.96817276866
 182.6092481894625 224.8709216382986 -6494.883964667976
 0.478394810369925 0.4518145983058044 -75.24992621117615
 0.3345464113196188 0.2467941799147205 -86.72869078556842
 0.5585430106678936 1.060167274929902 157.7087786203636
 -1.431593786461449 -1.948016181316774 -55.56086710764843
 1.244902486663701 1.71779559622527 -15.76342393888678
 -496.8379640682644 -516.6802992750473 27853.00607246336
 682.6011055037063 386.5693131267232 -52817.28101108429
 1161.763747130767 1107.328263466499 43579.14288186253
 -804.75500169157 -851.3450614817334 40476.51487890159
 795.2853888358093 542.33480144656 27211.88664763316
 495.1913505889423 470.8475421755179 21732.84766435232
 192.6622708950592 260.2730334485412 -42243.14097229035
 -14.30820398338946 50.34485205944446 -24492.98118686676
 210.8259544149493 108.1255653371577 -1592.48730143601
 -167.0344837275248 -172.9637994079953 -40821.09611958345
 442.4087730242539 451.3486524472637 -22813.10496887692
 510.5345915966013 428.8913811158671 -37239.7980142946
 292.74644173871 411.2827034894028 10369.32752896238
 -442.7175715866416 -473.2512338548133 39300.22142638669
 -527.8636720480348 -524.8806950703402 22976.33375221738
 -277.128104031959 -247.8568913298874 5793.349340403099
 159.062130161844 144.7558251985739 4816.603115601625
 -27.8375665757538 -36.91566704980118 6009.791627463256
 -323.6808066867345 -334.0798988597668 -16313.97414304461
 -130.1910895692105 -112.8719863795955 17685.33174555959
 245.7099896819772 258.8097392024558 -14564.63486541559
 -320.755407798145 -176.1657516785381 25128.28704254894
 -580.922517692671 -546.7952251282516 -23099.65287245467
 386.3227213689634 411.123837460201 -21952.54059952161
 -407.8803120423836 -279.9942442786277 -12325.6199881395
 -117.5929577645575 -138.4886777083972 -24417.63198815678
 435.5426652774209 471.0117262473164 39327.51995539258
 -198.1554083081483 -231.4755023471432 -13899.80843555015
 90.8593567479338 182.4509114777129 12587.02324914212
 204.415758692806 151.0968462511414 7286.252011078936
 357.3746584419692 226.7326908946833 2590.039354819957
 -767.8434837975601 -829.6859579621168 592.6252278645898
 235.8617173471533 78.15228454181127 -153.5683258754561
 -574.2712017133895 -561.1785705111478 -10627.51244059403
 467.3189230314899 377.4812772377489 -7422.150731432905
 483.6201106954724 467.9914862131412 3495.660712978679
 -284.0733108786902 -224.8328197041083 -4428.709325120237
 -7.682867609487587 -48.0991084138976 4601.394427115661
 280.9368367326006 232.5661319009055 46498.17422826338
 94.27600990701708 86.64276527955741 -43821.27446170831
 -168.3577018647798 -80.46811053217564 -6343.748964666323
 318.9152491648035 409.3285899706004 -18465.91109340431
 -476.0181188162655 -480.9162410651329 -24453.30991946633
 -184.9763129264002 -44.18981502290396 30345.6998066278
 245.3677412534483 262.5953790432735 -14732.48815930242
 -98.54930405799038 -74.5345697561544 9256.020234965032
 -368.3675213055428 -416.5992411525696 -13223.16435203681
 140.6268328852818 129.5510894895865 16041.4639774062
 -152.4178308745027 -168.6528003501809 -7875.614279410809
 -93.23120070354298 -61.44191832472899 6934.873863994369
 -969.4007551559989 -892.3727148110822 6275.209448262014
 -113.6373410017186 -128.6357769209916 29693.00314193137
 196.0641512612058 324.2342760003876 17083.80620722703
 500.5664791815498 364.3217274425652 -32014.10805889469
 -150.1133953762427 -147.417621583327 -28941.94377238822
 -191.9251834151964 -263.9053841290819 -30567.48807045187
 85.17576627696508 26.90384001674246 -4362.933128923552
 66.81220630098402 159.9614474260135 -31603.45879707818
 379.8671294571966 487.4878781318698 -47992.86961366527
 179.421538833809 148.710813654979 35593.22359879853
 303.9260062941287 127.0213839634148 14525.76107912479
 -675.8129737837094 -846.6777278087372 33579.32705010682
 949.8079982215506 967.3016465559222 46096.58418054612
 393.0094004442313 107.2484892247587 -63775.41065125359
 -495.4693795834984 -523.7173400709798 28197.79886007207
 1.065734037493218 1.586465509163034 -15.37665821451628
 -1.215613729586622 -1.71143320468741 -52.88539431382196
 0.8883351964532693 1.338432659744683 166.4263670513883
 0.2016988050145301 0.1449173401392159 -91.92684226708298
 0.4098794607886589 0.3935159966399624 -78.10683494320165
 419.7614052453575 425.6397847372662 -505.9733593410092
 350.4883563357008 407.9577465506167 -15144.22322186632
 -347.8033709949465 -392.8746753877268 -15677.35345764879
 33.98453177379871 138.7300865234868 22230.43164904717
 28.03657301042647 68.98342709342512 19803.35222169018
 -12.98487336136711 44.870145626364 21147.99903727899
 38.76654719662707 52.09758277171926 3918.35164338387
 -31.05563555467579 -74.39281329061615 20835.93504163593
 -333.8168097557833 -382.3672062262547 17807.94937403667
 -141.7926181596096 -120.9286314835624 -9502.836832959323
 -134.7588916105463 -46.22720307840888 -8137.00719590331
 354.8711633668232 434.8945979453638 -15026.61011588105
 -471.2927687958092 -483.9139734399414 -21527.9696126881
 -206.9676316911348 -62.75479050485308 33264.49450604134
 248.6806740795256 259.6202302413689 -13387.20695589497
 -1.137096172944695 -1.632571110562637 15.5349923839176
 1.254813631614667 1.760150895818498 42.33857785301007
 -0.8575713113662005 -1.295100397671774 -164.8438974687779
 -0.04144261261457416 0.02246473286288619 91.39236505546796
 -0.4606346403842281 -0.4351903232369523 80.52024580278066
 0.0005559057307777948 0.0002807192216778276 0.09148440803255653
 0.0008760474754296865 0.000706379506993926 -0.07235199945898785
 -0.01156316779361077 -0.01408492171481157 -0.1255329580671969
 0.002055004219101875 0.002096772930030966 -0.2149055110021436
 -0.002012484344412258 -0.001909490816160542 0.005027224273362663


